%YAML:1.0

# Camera calibration and distortion parameters (OpenCV)
T.initPose: !!opencv-matrix
   rows: 4
   cols: 4
   dt: d
   data: [1.0, 0.0, 0.0, 0.0, #4.581452,
          0.0, 1.0, 0.0, 0.0, #8.648136,
          0.0, 0.0, 1.0, 0.0,
          0.0, 0.0, 0.0, 1.0]

